165 2
163 2
137 2
156 2
175 2
176 1
111 3
110 3
109 0
90 3
106 3
89 3
88 0
69 0
50 1
51 3
50 3
49 3
48 3
47 0
166 3
185 0
166 0
147 0
165 1
128 0
109 0
90 3
89 3
88 0
69 0
50 1
166 0
147 0
128 0
109 0
184 0
165 1
28 3
51 3
50 3
49 3
48 3
47 2
27 1
90 3
89 3
88 0
69 0
50 1
51 3
50 3
49 3
48 3
28 3
27 3
47 1
48 2
26 1
27 1
166 0
147 0
128 0
109 0
90 3
89 3
88 0
69 0
50 1
143 1
140 0
121 0
102 0
105 1
97 2
106 3
105 3
104 3
103 3
102 3
101 0
116 1
117 1
118 1
119 1
120 1
194 0
175 0
156 0
137 0
118 3
117 3
116 1
117 1
118 1
119 1
177 2
196 3
195 3
194 0
175 0
156 0
137 0
118 3
117 3
116 1
117 1
118 1
144 0
125 0
106 3
105 3
104 3
103 3
102 3
101 3
182 0
163 0
144 0
125 0
106 3
105 3
104 3
103 3
102 3
121 0
51 3
50 3
49 3
48 3
47 3
28 3
